     10/29     84/84      89.6        91      9.27      12.5       428  1.74e+03  2.37e+03     0.167     0.181       505        87       254       223      1.96
     11/29     84/84      97.9      99.4      10.2      13.3       462  1.83e+03  2.51e+03     0.187     0.184       320        29       134       216      1.96
     12/29     84/84      92.3      93.8      9.48      12.7       435  1.68e+03  2.32e+03      0.19     0.196       972        60       315       699      1.97
     13/29     84/84      93.5      95.1      9.58      12.8       432  1.68e+03  2.32e+03     0.205     0.201       701       107       176       437      1.96
     14/29     84/84      85.9        89      9.19      11.7       400  1.53e+03  2.12e+03      0.22     0.216       742        88       135       538      1.96
     15/29     84/84      88.8        91      9.34      12.1       418  1.42e+03  2.04e+03      0.23     0.219       404        75       112       254      1.96
     16/29     84/84      84.5        87       8.6      11.6       392   1.4e+03  1.98e+03     0.223     0.228       603       147       131       371      1.96
     17/29     84/84      82.6      84.8      8.65      11.2       368  1.33e+03  1.89e+03      0.23     0.255       141        49       138        37      1.96
     18/29     84/84      88.4      90.4      8.86      11.5       399  1.37e+03  1.96e+03     0.253     0.254        49         6        24        30      1.96
     19/29     84/84      88.4      89.7      9.08      11.6       386  1.33e+03  1.91e+03     0.263     0.265       402       121       355       112      1.97
     20/29     84/84      87.6      89.4      8.87      11.6       388   1.4e+03  1.99e+03      0.25     0.258       471        87       102       291      1.97
     21/29     84/84      81.2      83.3      8.39        11       360  1.24e+03  1.78e+03     0.261      0.26       252        37       190        88      1.97
     22/29     84/84      81.8      82.8      8.23      11.1       355  1.17e+03  1.71e+03      0.28     0.281       876       189       186       554      1.97
     23/29     84/84      84.7      86.3      8.49      11.5       370  1.21e+03  1.77e+03     0.265     0.268       169         7       118        78      1.96
     24/29     84/84        91      92.8      9.06      11.6       401  1.29e+03   1.9e+03     0.296      0.28       183         4       108       108      1.96
     25/29     84/84      91.6      92.2      9.11      11.4       395  1.27e+03  1.87e+03     0.301     0.307       515       218       121       207      1.96
     26/29     84/84      84.2      86.6      8.55        11       366  1.23e+03  1.78e+03     0.316      0.29       392        86       196       172      1.96
     27/29     84/84      85.5      88.4       8.6        11       367  1.21e+03  1.77e+03     0.303     0.292  1.04e+03       290       301       555      1.97
     28/29     84/84      81.4      82.7      8.04      10.4       339  1.09e+03  1.61e+03     0.295     0.308       391        89       225       182      1.96
     29/29     84/84      82.8      85.3      8.31      10.9       356  1.12e+03  1.66e+03     0.303     0.319       437       129       241       146      1.96
     30/29     84/84      83.7      85.2      8.58      10.9       356  1.14e+03  1.68e+03     0.301     0.306       316        82       152       151      1.97
     31/29     84/84      83.9      85.4      8.33      10.7       355   1.1e+03  1.64e+03     0.309     0.319       353       118       128       155      1.96
     32/29     84/84      82.5      83.3      8.27      10.7       347  1.08e+03  1.61e+03     0.318     0.328        95        25       188        27      1.97
       0/4     84/84       126       126      15.2      21.4  1.11e+03   2.9e+03   4.3e+03    0.0258    0.0135       505        50       214       307      1.05
       1/4     84/84       123       126      13.6        18       926  2.91e+03  4.11e+03    0.0509    0.0354       320         1        79       242      1.05
       2/4     84/84       108       110      11.8        16       765   2.6e+03  3.62e+03    0.0555    0.0731       972        65       402       537      1.05
       0/2     84/84       125       125      15.1      21.1  1.87e+03  2.92e+03  5.08e+03    0.0205    0.0337       505       110       822       135      1.07
       1/2     84/84       120       123      13.3      17.6  1.37e+03  2.93e+03  4.57e+03    0.0291     0.151       320         1       329       143      1.06
       0/2     84/84       125       125        15      21.2  1.47e+03  2.91e+03  4.67e+03    0.0218    0.0266       505        97       552       174      1.06
       1/2     84/84       121       123      13.3      17.6  1.16e+03  2.91e+03  4.34e+03    0.0402    0.0936       320         2       156       183      1.04
       2/2     84/84       107       109      11.6      15.8       966   2.6e+03  3.81e+03    0.0417     0.154       972       109       668       371      1.06
       0/2     84/84       127       127      29.1      41.6       844  2.91e+03  4.08e+03    0.0201    0.0039       505        26        85       410     0.492
       1/2     84/84       127       129      26.9      35.6       740  2.92e+03  3.98e+03    0.0474   0.00768       320         0        18       302     0.495
       2/2     84/84       112       113      23.4      31.7       609  2.63e+03  3.52e+03    0.0552     0.027       972        23       247       703     0.488
       0/2     84/84       128       127      56.1      78.8       847  2.91e+03  4.15e+03    0.0247   0.00376       505        18        92       408     0.493
       1/2     84/84       129       130      52.5      67.9       740  2.92e+03  4.04e+03    0.0476   0.00812       320         0        13       307     0.493
       2/2     84/84       113       114      45.2        60       608  2.63e+03  3.57e+03    0.0552    0.0268       972        35       211       728     0.496
       0/2     84/84       128       128       133       187       856  2.91e+03  4.35e+03     0.028   0.00333       505        25        77       406     0.494
       1/2     84/84       130       129       125       158       738  2.93e+03  4.21e+03    0.0676   0.00754       320         0         8       312     0.489
       2/2     84/84       113       113       107       138       602  2.65e+03  3.72e+03    0.0646    0.0246       972        29       221       723     0.493
       0/2     84/84       127       127      15.3      21.7       843   2.9e+03  4.04e+03    0.0213   0.00392       505        27        96       402      1.01        42        47
       1/2     84/84       128       129        14      18.9       743  2.92e+03  3.95e+03    0.0484   0.00899       320         1        22       297         1        11        22
       2/2     84/84       112       114      12.1      16.8       611  2.62e+03  3.49e+03    0.0531     0.026       972        24       233       717      1.05        82       231
       0/2     84/84       134       134      17.7      24.5       977  2.92e+04  3.04e+04   0.00863   0.00191       505         1        22       482     0.974        17        20
       1/2     84/84       143       143      15.4      21.3       962  2.98e+04   3.1e+04    0.0172   0.00199       320         0         0       320     0.975         0         0
       2/2     84/84       135       134      14.2      20.4       878  2.75e+04  2.87e+04   0.00895   0.00584       972         1        18       953     0.977         4        18
       0/2     84/84       132       131      16.4      23.1       919  8.73e+03  9.95e+03   0.00811    0.0015       505         9        53       445     0.493        32        38
       1/2     84/84       139       139      15.1      20.8       894  8.87e+03  1.01e+04    0.0133   0.00218       320         0         0       320     0.494         0         0
       2/2     84/84       130       130      13.7      19.6       799  8.12e+03  9.22e+03    0.0252   0.00911       972         7       147       818     0.501        63       140
       0/2     84/84       129       129      10.1      11.1       875  4.36e+03  5.51e+03    0.0216   0.00373       505        19        64       426     0.495        31        43
       1/2     84/84       134       134      8.53      9.51       817   4.4e+03   5.5e+03    0.0436   0.00436       320         0         2       318     0.487         2         2
       2/2     84/84       122       122      7.97      8.91       699  3.99e+03  4.95e+03    0.0487     0.017       972        22       217       733     0.496        85       206
       0/5     84/84       127       127     0.266      0.36  1.53e+03  4.35e+03  6.14e+03    0.0192    0.0206       505        67       504       191     0.511       145       181
       1/5     84/84       127       129     0.981      1.27  1.19e+03  4.35e+03   5.8e+03    0.0403    0.0623       320         2       144       210     0.502        46       107
       2/5     84/84       114       115      1.63      2.11       940   3.9e+03  5.07e+03    0.0458    0.0903       972        86       413       513     0.501       145       365
       3/5     84/84       112       114      2.18      2.81       813  3.79e+03  4.83e+03    0.0631    0.0997       701       102       242       394     0.496       105       166
       4/5     84/84       101       105      2.86      3.63       645  3.42e+03  4.28e+03      0.09    0.0933       742        34       137       579     0.495        54       105
       5/5     84/84       103       105      3.43      4.48       543  3.18e+03  3.94e+03     0.106     0.072       404        30        74       330     0.503        14        40
       0/5     84/84       127       127      15.6      21.9  1.53e+03  4.35e+03  6.18e+03    0.0195    0.0209       505        84       550       204     0.498       133       141
       1/5     84/84       129       132      14.1      18.7  1.22e+03  5.22e+03  6.73e+03    0.0388    0.0548       320         1       119       221     0.481        48        97
       2/5     84/84       117       119      12.4      17.2       985  5.47e+03  6.72e+03    0.0425    0.0728       972        64       473       533      0.49       158       368
       3/5     84/84       116       119      12.2      16.8       874   6.1e+03  7.23e+03    0.0596    0.0786       701        86       169       468     0.486        65       135
       4/5     84/84       106       110      11.5      15.2       707   6.2e+03  7.15e+03    0.0796    0.0691       742        44       109       598     0.485        45        76
       5/5     84/84       109       111      11.7      15.9       601  6.42e+03  7.27e+03    0.0949    0.0538       404         8        52       371     0.484        10        20
       0/5     84/84       128       128     0.674     0.907  1.16e+03  4.35e+03  5.77e+03    0.0164   0.00999       505        49       231       323     0.502        86        91
       1/5     84/84       130       132      0.54      0.71  1.04e+03  4.38e+03  5.68e+03    0.0419    0.0212       320         1        60       259     0.492        29        60
       2/5     84/84       116       119     0.495     0.661       870  3.95e+03  5.06e+03    0.0459    0.0498       972        66       380       564       0.5       145       330
       3/5     84/84       113       117     0.462     0.598       820  3.85e+03  4.91e+03    0.0612    0.0795       701        99       215       422     0.495        82       149
       4/5     84/84       102       106     0.465     0.591       728  3.47e+03  4.41e+03    0.0732     0.109       742        37       165       587     0.499        46       101
       5/5     84/84       103       106     0.447     0.585       735  3.23e+03  4.17e+03    0.0814     0.141       404        53       171       273     0.502        35        65
      0/29     84/84       127       127     0.671     0.893       846   2.9e+03  4.01e+03    0.0169   0.00356       505        24        96       406     0.485        44        47
      1/29     84/84       128       130     0.537     0.702       747  2.92e+03  3.92e+03    0.0407   0.00743       320         0        34       286     0.485        12        34
      2/29     84/84       113       115     0.492     0.656       618  2.63e+03  3.47e+03    0.0476    0.0253       972        35       226       712      0.48        84       220
      3/29     84/84       109       112     0.452     0.595       582  2.56e+03  3.37e+03    0.0697    0.0413       701        74        96       537     0.481        41        78
      4/29     84/84        98       101     0.452     0.587       515  2.31e+03  3.02e+03    0.0877    0.0586       742        38        75       636     0.486        30        53
      5/29     84/84      99.5       102     0.438      0.58       524  2.15e+03  2.87e+03       0.1    0.0771       404        41       108       299     0.482        24        53
      6/29     84/84      93.8      96.1     0.405     0.538       482  2.03e+03   2.7e+03     0.107    0.0954       603       114       140       404     0.482        32        92
      7/29     84/84      90.3      92.6     0.405     0.525       444  1.91e+03  2.53e+03     0.117     0.121       141        19        79        62     0.482        24        61
      8/29     84/84      95.8      98.1     0.389      0.51       474  1.93e+03   2.6e+03     0.141     0.131        49         2        11        39     0.476         2         8
      9/29     84/84      95.2      96.8     0.386     0.502       456  1.87e+03  2.51e+03     0.154     0.146       402        67       287       155     0.488        48       173
     10/29     84/84      93.1      95.2     0.375     0.481       444  1.83e+03  2.46e+03     0.161     0.154       471        57       105       321     0.485        26        86
     11/29     84/84      86.1      88.6     0.377     0.488       409  1.61e+03  2.19e+03     0.166     0.178       252        22       185       105     0.484        28       128
     12/29     84/84      86.2      87.6     0.369     0.492       402  1.52e+03  2.09e+03     0.188       0.2       876       160       210       568     0.484        37       165
     13/29     84/84      89.3      91.1     0.365     0.477       420  1.55e+03  2.15e+03     0.189     0.194       169         4        81       101     0.484        21        60
     14/29     84/84      95.3      97.6     0.358      0.46       448  1.63e+03  2.28e+03     0.214     0.197       183         4        79       112     0.478         7        67
     15/29     84/84      95.8      96.9     0.353      0.45       441  1.62e+03  2.26e+03     0.226     0.219       515       172       117       263     0.485        28        78
     16/29     84/84      87.8      90.5      0.35     0.455       405   1.5e+03  2.09e+03     0.237     0.214       392        86       195       173     0.486        54       122
     17/29     84/84        89        92     0.348      0.44       404  1.49e+03  2.08e+03     0.242     0.215  1.04e+03       264       303       581     0.492       106       149
     18/29     84/84      84.5      86.2     0.342     0.448       373  1.34e+03  1.88e+03     0.238     0.238       391        76       190       216     0.488        25        98
     19/29     84/84      85.8      88.8     0.344     0.444       388  1.35e+03  1.92e+03     0.256     0.243       437       128       195       181     0.487        62       106
     20/29     84/84      86.6      88.4     0.346     0.438       386  1.36e+03  1.92e+03     0.237     0.245       316        67       133       167     0.485        19        74
     21/29     84/84      86.7      88.5     0.344     0.437       384  1.31e+03  1.87e+03     0.251     0.256       353        98       137       170     0.485        38        70
     22/29     84/84      85.1      86.3     0.342     0.446       375  1.28e+03  1.83e+03     0.267     0.263        95        18       153        35      0.48        10        45
     23/29     84/84      89.1      90.8      0.33     0.427       385  1.32e+03  1.88e+03     0.284     0.276       933       237       401       398      0.49        53       285
     24/29     84/84      83.8      85.3     0.334     0.431       370  1.24e+03  1.78e+03     0.276     0.278       489       129       158       240     0.485        94        40
     25/29     84/84      83.9      86.2     0.334     0.432       366  1.21e+03  1.75e+03     0.281     0.289       155        58       135        34     0.484        27        71
     26/29     84/84      84.9      87.3     0.332     0.427       371  1.24e+03  1.78e+03     0.271     0.281       695       140       177       419     0.486        70       104
     27/29     84/84      84.5      87.3     0.334     0.422       372  1.19e+03  1.73e+03     0.289     0.308       666       133       200       380     0.488        35       138
     28/29     84/84      86.8      88.2     0.323     0.408       373  1.24e+03  1.78e+03     0.306     0.288       530       234       149       208     0.485        46        81
     29/29     84/84      80.5      83.2     0.327     0.427       342  1.08e+03  1.59e+03     0.325     0.292       373        73       295       111     0.487        29       203
       0/5     84/84       113       115      13.3      18.5       702       250  1.21e+03     0.036    0.0133       505        32       137       339     0.487        57       112
       1/5     84/84       103       105      11.5      14.4       526       245     1e+03    0.0451     0.034       320         0        92       241     0.481        15        79
       2/5     84/84      90.7      92.7      9.62      12.5       442       232       880    0.0507    0.0629       972        23       398       564     0.486       102       380
       3/5     84/84      89.5      91.4      9.53      12.2       427       227       857    0.0615    0.0862       701        70       301       375     0.486        64       245
       0/5     84/84       113       115      13.2      18.4       699      6.62       965    0.0234   0.00964       505        23       134       348     0.484        48       115
       1/5     84/84       103       105      11.4      14.5       529      6.88       770      0.03    0.0253       320         3        90       242     0.485        21        76
       2/5     84/84      90.4      92.4      9.59      12.4       442      7.25       654    0.0316    0.0455       972        32       484       481     0.492       116       457
       0/5     84/84       113       115      13.3      18.4       699      6.34       965    0.0235   0.00965       505        31       119       355     0.484        47        99
       1/5     84/84       103       105      11.4      14.4       525      6.29       765    0.0291    0.0252       320         4        80       246     0.486        16        71
       2/5     84/84      90.5      92.2      9.56      12.4       441      6.12       652    0.0313    0.0464       972        32       460       503     0.487       115       435
       3/5     84/84      89.5      91.1      9.38      12.1       427      6.12       635    0.0333    0.0596       701        72       356       330      0.49        67       295
       4/5     84/84      80.1      82.8      8.73      10.6       376      5.82       564    0.0342    0.0682       742        33       130       581     0.482        34       115
       5/5     84/84      82.1      84.2      8.72      10.8       390      5.87       581    0.0329    0.0788       404        46       130       245     0.488        22       118
       0/5     84/84       113       115      13.2      18.4       701      6.34       968     0.024   0.00982       505        27       144       335     0.484        49       127
       1/5     84/84       103       105      11.4      14.5       528      6.29       768    0.0303    0.0257       320         3        82       251     0.488        16        67
       2/5     84/84      90.4      92.3      9.59      12.4       442      6.12       652    0.0305    0.0448       972        30       446       520     0.493       115       422
       3/5     84/84      89.2      91.2      9.41      12.1       427      6.12       635    0.0314     0.057       701        62       369       325     0.489        70       311
       4/5     84/84        80      82.9      8.74      10.6       377      5.82       565    0.0333    0.0684       742        25       137       582     0.486        43       117
       5/5     84/84      81.9      84.1      8.71      10.8       390      5.87       581    0.0339    0.0778       404        40       138       243     0.484        23       124
       0/5     84/84       113       115      13.3      18.5       703      63.1  1.03e+03      0.03    0.0112       505        26       143       339     0.488        52       122
       1/5     84/84       103       105      11.4      14.5       528      62.4       823    0.0338    0.0281       320         5        82       243     0.488        19        73
       2/5     84/84      90.4      92.4      9.55      12.4       442      60.5       708    0.0361    0.0509       972        23       438       531      0.49       109       415
       3/5     84/84      89.3      91.3       9.4      12.1       429      60.3       692    0.0379     0.065       701        80       323       348     0.489        60       263
       4/5     84/84      80.1      82.9      8.74      10.6       378      57.1       617    0.0384    0.0767       742        28       127       588     0.487        30       112
       5/5     84/84      82.1      84.3      8.74      10.8       391      57.2       634     0.043    0.0894       404        50       122       254     0.487        15       105
       0/5     84/84       116       117      13.7        19       724       618  1.61e+03    0.0362    0.0121       505        27       132       346     0.488        56       112
       1/5     84/84       105       107      11.8        15       547       597  1.38e+03    0.0629    0.0378       320         0        82       244     0.485        13        76
       2/5     84/84      92.6      94.6      9.99      13.1       457       556  1.22e+03    0.0677    0.0711       972        34       355       597     0.487        97       337
       3/5     84/84      91.4      93.4      9.95      12.7       440       537  1.18e+03    0.0787     0.101       701        72       282       381     0.487        75       240
       4/5     84/84      82.3        85       9.2      11.3       391       494  1.07e+03    0.0891     0.125       742        19       161       567     0.485        40       142
       5/5     84/84      84.5      86.5       9.2      11.6       405       470  1.07e+03    0.0986     0.147       404        81       112       241      0.49        32        80
      6/23     84/84      80.2      81.7      8.45      10.8       365       437       982     0.118     0.177       505        94       344       173     0.489        78       224
      7/23     84/84      87.2      88.6      9.29      11.5       391       432  1.02e+03     0.142     0.198       320        37       158       205     0.488        10        90
      8/23     84/84      81.4        83      8.55      10.9       364       404       952     0.153     0.226       972        59       419       537     0.494        99       378
      9/23     84/84      82.4        84      8.63        11       356       390       932     0.163     0.243       701       149       307       309     0.487        55       260
     10/23     84/84      75.2      77.6      8.14      9.89       328       356       854      0.18     0.268       742        72       197       509     0.489        39       145
     11/23     84/84        78      79.7      8.17      10.2       338       336       850     0.195     0.289       404       117       162       186     0.493        21       103
     12/23     84/84      74.2      76.5      7.68      9.78       326       321       815     0.198     0.294       603       112       185       361     0.487        24       157
     13/23     84/84      72.6      74.7      7.63      9.47       302       321       787     0.203     0.313       141        23       148        43     0.483        15        82
     14/23     84/84      77.6      79.4      7.68      9.67       325       309       809     0.231     0.315        49         8        93        30     0.486         4        13
     15/23     84/84      77.5      78.8      7.94      9.67       317       305       796     0.231     0.328       402       122       379        81     0.493        39       228
     16/23     84/84      76.5      78.3      7.84      9.79       314       284       771     0.231     0.326       471        44       152       287     0.487        20       140
     17/23     84/84      70.4      72.3      7.23      9.07       287       278       724     0.254     0.361       252        37       264        58     0.491        35       172
     18/23     84/84        71      72.3      7.12      9.14       286       268       714     0.268     0.381       876       211       260       458      0.49        29       233
     19/23     84/84      73.3      74.9      7.29      9.49       293       258       716     0.267     0.365       169         7       124        78     0.485        15        84
     20/23     84/84      78.6      80.3      7.77      9.29       318       254       749     0.284     0.388       183        31       135        62     0.489        17        92
     21/23     84/84      78.6      79.3      7.83      9.23       312       258       745     0.283      0.41       515       228       165       188     0.488        20       114
     22/23     84/84      71.9      74.2      7.18       8.8       288       252       703     0.299     0.393       392       102       331       127     0.497        38       170
     23/23     84/84      73.5      76.2      7.34      8.85       288       246       699     0.301     0.413  1.04e+03       320       340       451     0.488        95       238
     24/23     84/84      69.9      71.1      6.84      8.43       266       228       650     0.295     0.418       391        38       276       156     0.489        35       203
     25/23     84/84      70.7        73      7.02      8.63       274       223       656     0.306     0.431       437       144       312        93     0.491        65       197
     26/23     84/84      72.1      73.2      7.27      8.71       281       235       677     0.306      0.42       316        92       176       125     0.488        17       104
     27/23     84/84      71.7        73      6.99      8.52       275       222       657     0.312     0.439       353       152       150       112     0.493        27        93
      28/2     84/84      69.8        71      6.81       8.3       263       218       637     0.308     0.467       505       102       365       159     0.492        63       259
      29/2     84/84      76.6      77.5      7.59       8.9       291       224       686     0.321     0.458       320       102       107       165     0.488         6        62
      30/2     84/84      72.1      73.2      6.99      8.66       277       211       649     0.336     0.479       972       216       419       397     0.492       115       328
       0/5     84/84       123       124      14.8      20.9       802   1.9e+03  2.99e+03    0.0286   0.00556       505        18       110       381     0.485        56        94
       1/5     84/84       119       122      13.2      17.7       665  1.85e+03  2.79e+03    0.0425    0.0135       320         0        35       285      0.48         7        35
       2/5     84/84       105       107      11.5      15.6       556  1.74e+03  2.54e+03    0.0601    0.0389       972        21       263       694     0.487        82       252
       3/5     84/84       102       105      11.2      14.9       527  1.65e+03  2.41e+03    0.0783    0.0634       701        45       175       491     0.487        50       164
       4/5     84/84      92.2      95.5      10.5      13.2       469   1.5e+03  2.18e+03    0.0988    0.0866       742        13       109       621     0.485        31       103
       5/5     84/84      93.5      95.8      10.5      13.4       478  1.41e+03   2.1e+03      0.11      0.11       404        60        96       281     0.485        19        58
      6/23     84/84      89.1      90.8      9.63      12.5       433  1.33e+03  1.97e+03     0.119     0.137       505        60       373       202     0.489        77       236
      7/23     84/84      96.6      98.3      10.6      13.2       463  1.32e+03     2e+03     0.148     0.155       320        28       127       216     0.485        13        78
      8/23     84/84      90.8      92.5      9.67      12.8       434  1.24e+03  1.88e+03     0.151     0.175       972        69       367       576     0.494        94       332
      9/23     84/84      91.8      93.4      9.69      12.5       427  1.19e+03  1.83e+03     0.168     0.193       701        73       217       439     0.487        53       188
     10/23     84/84        84      86.9      9.26      11.4       393  1.08e+03  1.66e+03     0.182     0.218       742        43       171       551     0.485        39       137
     11/23     84/84      86.6      88.7      9.36      11.9       408  1.02e+03  1.62e+03     0.198      0.23       404        93       118       239     0.489        20        69
     12/23     84/84      82.3      84.9      8.64      11.2       385       972  1.54e+03     0.197     0.233       603        98       211       379     0.486        22       150
     13/23     84/84      80.5      83.1      8.68      10.8       359       982  1.52e+03     0.196     0.249       141        29       126        47     0.479        18        76
     14/23     84/84        86      88.2      8.76      11.2       388       939  1.52e+03     0.225     0.253        49         4        21        32     0.482         5        14
     15/23     84/84        86      87.6      8.99      11.2       378       933   1.5e+03     0.241     0.269       402       119       367        97      0.49        32       211
     16/23     84/84      84.6      86.7      8.84      11.1       373       889  1.45e+03     0.224     0.274       471        47       130       302     0.485        29       113
     17/23     84/84      78.3      80.5      8.24      10.5       344       858  1.38e+03     0.247     0.286       252        48       264        62     0.488        37       153
     18/23     84/84      78.9      80.1      8.05      10.6       339       818  1.34e+03     0.261     0.309       876       194       232       511     0.487        35       195
     19/23     84/84      81.6      83.2      8.34        11       350       792  1.33e+03     0.261     0.303       169         3       157        72     0.483        19        92
     20/23     84/84      87.2      89.3      8.85      10.9       376       784  1.36e+03     0.278     0.322       183        16       163        76     0.483        12        99
     21/23     84/84      87.8      88.5      8.85      10.8       374       808  1.38e+03     0.284     0.338       515       188       167       229     0.484        29       118
     22/23     84/84      80.4      82.9      8.21      10.3       343       783  1.31e+03     0.298      0.32       392        87       280       160     0.488        33       161
     23/23     84/84      81.9      84.7      8.35      10.3       344       756  1.28e+03     0.296     0.336  1.04e+03       304       358       473     0.491       108       222
     24/23     84/84        78      79.3      7.78      9.88       318       714  1.21e+03     0.289     0.346       391        53       299       167     0.492        44       174
     25/23     84/84      78.9      81.6      7.97      10.1       330       690   1.2e+03     0.304     0.358       437       114       302       114     0.488        69       202
     26/23     84/84      80.1      81.7      8.24      10.2       334       729  1.24e+03     0.303     0.346       316        78       182       156     0.491        16        83
     27/23     84/84      80.1      81.9      8.01        10       331       700  1.21e+03     0.308     0.361       353       134       146       125     0.487        39        86
     28/23     84/84      78.8      79.7      7.93      9.95       321       659  1.16e+03     0.316     0.371        95        26       199        26     0.487         5        48
     29/23     84/84      82.3      83.9      8.16      10.5       330       685   1.2e+03     0.335     0.378       933       293       456       299     0.492        60       333
       0/4     84/84       123       124      14.8      20.7       800   1.9e+03  2.98e+03    0.0314   0.00618       505        15        89       404     0.485        44        74
       1/4     84/84       119       122      13.1      17.4       660  1.85e+03  2.78e+03    0.0473    0.0129       320         0        37       283     0.481         6        37
       2/4     84/84       105       107      11.4      15.3       552  1.74e+03  2.53e+03    0.0635    0.0374       972        24       283       670     0.488        88       276
       3/4     84/84       102       104      11.2      14.8       523  1.65e+03  2.41e+03    0.0814    0.0651       701        48       163       499     0.486        42       148
       4/4     84/84      92.3      95.5      10.4      13.2       467   1.5e+03  2.18e+03    0.0949    0.0884       742         9        85       648     0.484        32        77
       0/4     84/84       135       135      18.4      25.8  1.02e+03  1.07e+05  1.09e+05   0.00246   0.00226       505         0        25       480     0.483        22        25
       1/4     84/84       145       145      15.7      21.6       995  8.68e+04  8.81e+04    0.0114   0.00166       320         0         2       318     0.479         2         2
       2/4     84/84       137       137      14.5      20.7       939  8.65e+04  8.77e+04   0.00737   0.00481       972         1         4       967     0.485         3         3
       3/4     84/84       140       140      14.1      20.4       938  8.57e+04   8.7e+04     0.011    0.0038       701         0        10       691     0.481         6        10
       4/4     84/84       131       132      13.5        19       905  7.82e+04  7.94e+04    0.0121   0.00474       742         0        39       704      0.48        12        38
       0/4     84/84       131       131      16.1      22.9       903  6.36e+03  7.56e+03   0.00939   0.00169       505         1        82       426     0.485        27        78
       1/4     84/84       137       138      15.1      20.5       864   6.4e+03  7.58e+03    0.0185   0.00249       320         0         1       319     0.482         1         1
       0/4     84/84       119       121      14.2      19.8       755  1.13e+03  2.16e+03    0.0396   0.00925       505        22       102       384     0.483        49        78
       1/4     84/84       111       113      12.3      16.1       590   1.1e+03  1.94e+03    0.0577    0.0254       320         0        67       257     0.481        12        63
       2/4     84/84      97.5      99.3      10.8      14.1       494  1.02e+03  1.74e+03    0.0713     0.058       972        21       309       655     0.486       100       293
       3/4     84/84      95.7      97.5      10.6      13.7       472       973  1.66e+03    0.0855    0.0877       701        70       231       428     0.486        55       197
       4/4     84/84      86.4      89.1      9.74      12.1       421       881   1.5e+03     0.103     0.118       742         5        92       647     0.485        25        82
      5/24     84/84      85.3      86.8      9.15      11.9       404       820  1.42e+03     0.111     0.144       505        83       349       187     0.489        68       236
      6/24     84/84      92.4      93.8      10.1      12.4       431       817  1.46e+03     0.133     0.165       320        29       132       217     0.482        10        82
      7/24     84/84      86.4        88      9.25      11.9       400       762  1.36e+03     0.146     0.194       972        84       404       530     0.492        94       362
      8/24     84/84      87.4        89      9.28      11.9       393       730  1.32e+03     0.157     0.214       701       105       248       374     0.483        54       207
      9/24     84/84      79.7      82.5      8.73      10.7       361       660   1.2e+03     0.179     0.238       742        56       189       523     0.486        37       147
     10/24     84/84      83.1      85.2      8.91      11.3       380       643  1.21e+03     0.192     0.243       404       104       130       216     0.487        20        78
     11/24     84/84      78.4      80.8      8.18      10.5       356       594  1.13e+03       0.2     0.256       603       114       181       364     0.489        24       150
     12/24     84/84      76.6      79.1      8.19      10.2       330       593   1.1e+03     0.202     0.281       141        25       165        45     0.481        13        80
     13/24     84/84      81.9        84      8.28      10.5       357       570  1.11e+03     0.231     0.276        49         5        38        29     0.484         7        16
     14/24     84/84      81.8      83.3      8.52      10.5       347       566   1.1e+03     0.243     0.296       402       115       373        93     0.492        30       230
     15/24     84/84      80.7      82.6      8.34      10.4       343       535  1.06e+03      0.23     0.302       471        39       135       307     0.484        29       116
     16/24     84/84      74.4      76.4      7.76      9.81       314       515       997     0.253     0.324       252        44       261        57     0.489        38       161
     17/24     84/84        75      76.2      7.56      9.85       312       492       972     0.265     0.345       876       176       280       510     0.491        26       213
     18/24     84/84      77.5      79.2      7.79      10.1       322       478       975      0.26     0.332       169         7       150        66     0.483        26        96
     19/24     84/84      82.9      84.9       8.3      10.1       347       476  1.01e+03     0.283     0.353       183        19       141        73     0.486        15        99
     20/24     84/84      83.1      83.9      8.36        10       341       483  1.01e+03     0.286      0.38       515       187       207       204     0.487        30       155
     21/24     84/84      75.9      78.5      7.69      9.55       314       469       954     0.302     0.362       392        96       286       135      0.49        37       166
     22/24     84/84      77.5      80.5      7.79      9.54       314       455       944     0.291     0.379  1.04e+03       288       383       472     0.494        92       253
     23/24     84/84      73.8      75.2      7.28      9.08       290       423       879     0.302     0.385       391        48       287       161     0.491        42       178
     24/24     84/84      74.7      77.3      7.48      9.36       301       411       880     0.296       0.4       437       138       239       130     0.489        65       154
     25/24     84/84        76      77.3      7.76      9.44       306       436       912     0.292     0.391       316        86       203       130     0.486        20       100
     26/24     84/84      75.7      77.2      7.47       9.2       301       415       885     0.303     0.405       353       130       153       126     0.487        39        85
     27/24     84/84      74.5      75.5      7.42      9.18       292       394       852     0.304     0.416        95        24       185        21     0.487        11        53
     28/24     84/84      77.8      79.4       7.6      9.68       300       405       879     0.325     0.424       933       342       544       211     0.492        63       361
     29/24     84/84      73.2      74.6      7.25      8.92       289       372       825     0.327     0.431       489       159       218       147     0.485       132        68
      0/29     84/84       183       181      33.2      43.4  1.13e+03  3.08e+03  4.64e+03    0.0128   0.00346       505        16        48       442     0.491        39        31
      1/29     84/84       179       178      30.5      38.9       987  3.08e+03  4.49e+03    0.0198   0.00579       320         0        18       308     0.494         2        12
      2/29     84/84       158       157      26.8      35.1       864  2.97e+03  4.21e+03    0.0355     0.022       972         4       182       787     0.497        94       181
      3/29     84/84       156       156      26.3        34       840   2.9e+03  4.11e+03    0.0522    0.0358       701        39       128       571     0.498        55       106
      4/29     84/84       140       142      23.9      30.2       739  2.62e+03  3.69e+03    0.0581    0.0508       742         2        79       664     0.499        54        76
      5/29     84/84       139       139      23.9      31.1       746  2.46e+03  3.54e+03    0.0736    0.0611       404        24        58       339       0.5        28        34
      6/29     84/84       130       131      22.1      28.8       685  2.24e+03  3.24e+03    0.0906    0.0836       603        75       161       411     0.498        28       128
      7/29     84/84       124       125      21.6      27.4       624  2.24e+03  3.16e+03     0.109    0.0989       141         6        89        65     0.495        48        74
      8/29     84/84       132       133      21.6      27.6       670  2.12e+03  3.11e+03     0.125     0.107        49         2        39        33     0.496         7        14
      9/29     84/84       130       130      21.8      27.4       643  2.12e+03  3.07e+03     0.139     0.118       402        81       300       159     0.506        67       188
     10/29     84/84       127       128      21.3      28.1       635  1.95e+03  2.89e+03     0.154     0.136       471        22        94       366     0.496        30        83
     11/29     84/84       119       120      19.4      25.4       593  1.89e+03  2.77e+03     0.167     0.154       252        21       189       102       0.5        62       135
     12/29     84/84       116       116      18.9      24.4       555  1.78e+03  2.61e+03      0.19     0.181       876       135       181       595     0.497        36       170
     13/29     84/84       123       123      18.8      24.5       602  1.74e+03  2.63e+03     0.193     0.166       169         6        62       106     0.494        21        58
     14/29     84/84       129       129      20.7        26       618  1.71e+03  2.63e+03     0.213     0.186       183         8       130        76     0.499        59       103
     15/29     84/84       131       130      20.2      25.9       630  1.77e+03   2.7e+03     0.222     0.201       515       134       183       250     0.516        74       154
     16/29     84/84       119       121      18.6      23.6       570  1.65e+03   2.5e+03     0.232     0.199       392        73       186       180     0.494        65       154
     17/29     84/84       121       123        19      24.4       571  1.61e+03  2.47e+03     0.232     0.208  1.04e+03       166       284       642     0.502       127       203
     18/29     84/84       114       114      17.5        23       524  1.51e+03  2.31e+03     0.239     0.217       391        38       229       208       0.5        69       157
     19/29     84/84       116       117      17.9      23.4       540  1.43e+03  2.25e+03     0.247     0.236       437       130       202       191     0.497        77       117
     20/29     84/84       116       116      18.3      22.8       538  1.51e+03  2.33e+03     0.238     0.243       316        47       127       173     0.494        40       101
     21/29     84/84       116       116      17.7      22.5       532  1.41e+03  2.22e+03     0.258     0.245       353       119       116       158     0.496        52        68
     22/29     84/84       115       114      17.3      22.7       521  1.35e+03  2.14e+03     0.263     0.256        95        18       131        35     0.498        28        44
     23/29     84/84       120       120      18.2      23.5       548  1.42e+03  2.25e+03     0.275     0.262       933       297       502       284       0.5       246       337
     24/29     84/84       112       112        17        22       518  1.31e+03  2.09e+03     0.264     0.271       489       121       133       279     0.498       101        56
     25/29     84/84       110       111      17.5      21.4       501  1.34e+03   2.1e+03     0.283      0.29       155        58       129        40       0.5        40        69
     26/29     84/84       112       113      16.9      21.7       508  1.28e+03  2.05e+03     0.271     0.273       695       107       154       462     0.496        62       114
     27/29     84/84       113       114      17.5      21.9       513  1.27e+03  2.04e+03     0.291     0.303       666       117       195       392     0.495        84       149
     28/29     84/84       116       115      17.2        22       520  1.22e+03  2.01e+03     0.298     0.285       530       224       173       213     0.495        77       113
     29/29     84/84       107       108      16.2        21       474  1.19e+03  1.92e+03     0.301     0.292       373        88       338       104     0.505        88       233
