map 0.002908
map_score 0.342835
mar_score 0.213832
map/small 0.006662
map/medium 0.001989
map/large 0.000000
map/common 0.006216
map/rare 0.000000
11 0.000000
12 0.000000
13 0.000000
15 0.000000
17 0.000000
18 0.126578
19 0.000000
20 0.000000
21 0.000000
23 0.000000
24 0.000000
25 0.000000
26 0.000000
27 0.000000
28 0.000000
29 0.000000
32 0.000000
33 0.000000
34 0.000000
35 0.000000
36 0.000000
37 0.000000
38 0.000000
40 0.000000
41 0.000000
42 0.000000
44 0.000000
45 0.000000
47 0.000000
49 0.000000
50 0.000000
51 0.000000
52 0.000000
53 0.000000
54 0.000000
55 0.000000
56 0.000000
57 0.000000
59 0.000000
60 0.000000
61 0.000000
62 0.000000
63 0.000000
64 0.000000
65 0.000000
66 0.000000
71 0.000000
72 0.000000
73 0.053696
74 0.000000
75 0.000000
76 0.000000
77 0.000000
79 0.000000
82 0.000000
83 0.000000
84 0.000000
86 0.000000
89 0.000000
91 0.000000
93 0.000000
94 0.000000
f1 0.263386
11, 0, nan, 0, 0, 
12, 0, nan, 0, 0, 
13, 0, nan, 0, 0, 
15, 0, nan, 0, 0, 
17, 4, nan, 0, 0, 
18, 59, 19, 62, 0.126578, 
19, 0, nan, 0, 0, 
20, 35, nan, 0, 0, 
21, 1, nan, 0, 0, 
23, 0, nan, 0, 0, 
24, 0, nan, 0, 0, 
25, 2, nan, 0, 0, 
26, 0, nan, 0, 0, 
27, 0, nan, 0, 0, 
28, 0, nan, 0, 0, 
29, 0, nan, 0, 0, 
32, 0, nan, 0, 0, 
33, 0, nan, 0, 0, 
34, 0, nan, 0, 0, 
35, 0, nan, 0, 0, 
36, 0, nan, 0, 0, 
37, 0, nan, 0, 0, 
38, 0, nan, 0, 0, 
40, 0, nan, 0, 0, 
41, 0, nan, 0, 0, 
42, 10, nan, 0, 0, 
44, 1, nan, 0, 0, 
45, 7, nan, 0, 0, 
47, 0, nan, 0, 0, 
49, 2, nan, 0, 0, 
50, 4, nan, 0, 0, 
51, 0, nan, 0, 0, 
52, 0, nan, 0, 0, 
53, 0, nan, 0, 0, 
54, 0, nan, 0, 0, 
55, 0, nan, 0, 0, 
56, 0, nan, 0, 0, 
57, 0, nan, 0, 0, 
59, 0, nan, 0, 0, 
60, 1, nan, 0, 0, 
61, 0, nan, 0, 0, 
62, 7, nan, 0, 0, 
63, 1, nan, 0, 0, 
64, 0, nan, 0, 0, 
65, 0, nan, 0, 0, 
66, 0, nan, 0, 0, 
71, 0, nan, 0, 0, 
72, 5, nan, 0, 0, 
73, 22, 8, 66, 0.0536961, 
74, 0, nan, 0, 0, 
75, 0, nan, 0, 0, 
76, 5, nan, 0, 0, 
77, 0, nan, 0, 0, 
79, 0, nan, 0, 0, 
82, 0, nan, 0, 0, 
83, 5, nan, 0, 0, 
84, 0, nan, 0, 0, 
86, 1, nan, 0, 0, 
89, 0, nan, 0, 0, 
91, 0, nan, 0, 0, 
93, 0, nan, 0, 0, 
94, 5, nan, 0, 0, 
