map 0.068939
map_score 0.055569
mar_score 0.252841
map_small_score 0.011214
map/small 0.029770
map/medium 0.115047
map/large 0.043026
map/common 0.051967
map/rare 0.089264
11 0.000000
12 0.167956
13 0.381139
15 0.166667
17 0.000581
18 0.010599
19 0.095954
20 0.001121
21 0.003088
23 0.003316
24 0.001095
25 0.064691
26 0.000000
27 0.009056
28 0.003691
29 0.021951
32 0.080736
33 0.000000
34 0.056956
35 0.140137
36 0.012987
37 0.000000
38 0.011424
40 0.000000
41 0.116560
42 0.195174
44 0.017934
45 0.000131
47 0.003797
49 0.002976
50 0.198526
51 0.144551
52 0.000000
53 0.061204
54 0.000000
55 0.000000
56 1.000000
57 0.000000
59 0.000000
60 0.063973
61 0.618148
62 0.000000
63 0.025658
64 0.115909
65 0.001284
66 0.028943
71 0.000000
72 0.008986
73 0.167376
74 0.000000
75 0.000000
76 0.000994
77 0.068226
79 0.000000
82 0.000000
83 0.001675
84 0.031772
86 0.154755
89 0.003660
91 0.004058
93 0.000000
94 0.004831
f1 0.091113
11, 7, 0, 1, 0, 
12, 121, 6, 8, 0.167956, 
13, 45, 28, 55, 0.381139, 
15, 40, 1, 3, 0.166667, 
17, 8423, 39, 321, 0.000580819, 
18, 51985, 3047, 16852, 0.0105993, 
19, 1255, 175, 509, 0.0959541, 
20, 13114, 27, 81, 0.00112103, 
21, 579, 11, 319, 0.00308803, 
23, 66, 9, 658, 0.00331641, 
24, 218, 10, 513, 0.00109512, 
25, 1151, 73, 206, 0.064691, 
26, 483, 0, 28, 0, 
27, 2797, 101, 412, 0.00905618, 
28, 383, 8, 83, 0.00369087, 
29, 340, 3, 10, 0.0219512, 
32, 183, 5, 17, 0.0807361, 
33, 16, 0, 2, 0, 
34, 346, 71, 350, 0.0569558, 
35, 529, 68, 253, 0.140137, 
36, 20, 1, 11, 0.012987, 
37, 74, nan, 0, 0, 
38, 124, 4, 24, 0.0114245, 
40, 55, 0, 80, 0, 
41, 271, 90, 322, 0.11656, 
42, 561, 64, 103, 0.195174, 
44, 564, 6, 10, 0.0179343, 
45, 1664, 1, 9, 0.000131027, 
47, 164, 7, 98, 0.00379735, 
49, 152, 1, 12, 0.00297619, 
50, 451, 28, 51, 0.198526, 
51, 121, 6, 28, 0.144551, 
52, 23, 0, 6, 0, 
53, 566, 6, 26, 0.0612038, 
54, 196, 0, 9, 0, 
55, 57, 0, 5, 0, 
56, 72, 1, 1, 1, 
57, 166, 0, 3, 0, 
59, 46, 0, 7, 0, 
60, 643, 38, 115, 0.0639734, 
61, 1058, 50, 54, 0.618148, 
62, 34, 0, 1, 0, 
63, 931, 28, 60, 0.0256581, 
64, 196, 33, 97, 0.115909, 
65, 94, 1, 19, 0.0012837, 
66, 457, 6, 16, 0.0289426, 
71, 171, 0, 20, 0, 
72, 6750, 39, 67, 0.00898622, 
73, 24287, 9039, 22000, 0.167376, 
74, 1160, nan, 0, 0, 
75, 0, nan, 0, 0, 
76, 11305, 6, 13, 0.000993564, 
77, 2087, 20, 78, 0.0682265, 
79, 0, nan, 0, 0, 
82, 0, nan, 0, 0, 
83, 2207, 6, 305, 0.0016748, 
84, 323, 5, 7, 0.0317724, 
86, 858, 57, 124, 0.154755, 
89, 1191, 19, 147, 0.00365967, 
91, 891, 25, 186, 0.00405823, 
93, 19, 0, 10, 0, 
94, 254, 1, 3, 0.00483092, 
