map 0.039703
map_score 0.057855
mar_score 0.142622
map_small_score 0.009925
map/small 0.013458
map/medium 0.071848
map/large 0.018999
map/common 0.031028
map/rare 0.050379
11 0.000000
12 0.510000
13 0.242717
15 0.000000
17 0.002348
18 0.012841
19 0.084989
20 0.000755
21 0.000266
23 0.000000
24 0.000176
25 0.094019
26 0.000000
27 0.005644
28 0.011574
29 0.007547
32 0.000000
33 0.000000
34 0.162916
35 0.012241
36 0.049451
37 0.000000
38 0.004996
40 0.001827
41 0.037048
42 0.102289
44 0.000000
45 0.000000
47 0.000000
49 0.000000
50 0.076575
51 0.000000
52 0.000000
53 0.000000
54 0.000000
55 0.000000
56 0.333333
57 0.000000
59 0.000000
60 0.075868
61 0.448528
62 0.000000
63 0.023542
64 0.000000
65 0.000000
66 0.000000
71 0.000000
72 0.000989
73 0.078506
74 0.000000
75 0.000000
76 0.000000
77 0.014009
79 0.000000
82 0.000000
83 0.001902
84 0.027211
86 0.031285
89 0.005534
91 0.000651
93 0.000000
94 0.000000
f1 0.082318
11, 22, 0, 1, 0, 
12, 68, 5, 5, 0.51, 
13, 26, 16, 55, 0.242717, 
15, 24, nan, 0, 0, 
17, 37987, 131, 322, 0.00234813, 
18, 24625, 2307, 16903, 0.012841, 
19, 645, 136, 504, 0.0849894, 
20, 638, 4, 59, 0.000755394, 
21, 159, 3, 269, 0.000265534, 
23, 1, 0, 23, 0, 
24, 25, 1, 335, 0.000175593, 
25, 152, 29, 180, 0.0940188, 
26, 779, 0, 23, 0, 
27, 314, 24, 395, 0.00564359, 
28, 54, 3, 72, 0.0115741, 
29, 151, 2, 10, 0.00754717, 
32, 46, 0, 15, 0, 
33, 22, 0, 2, 0, 
34, 518, 131, 350, 0.162916, 
35, 977, 45, 185, 0.0122414, 
36, 102, 3, 7, 0.0494505, 
37, 204, nan, 0, 0, 
38, 181, 2, 24, 0.00499561, 
40, 69, 2, 76, 0.00182749, 
41, 331, 51, 316, 0.0370476, 
42, 984, 66, 103, 0.102289, 
44, 38, 0, 8, 0, 
45, 34, 0, 6, 0, 
47, 151, 0, 73, 0, 
49, 54, 0, 12, 0, 
50, 916, 21, 51, 0.0765749, 
51, 5, 0, 13, 0, 
52, 19, 0, 4, 0, 
53, 347, 0, 20, 0, 
54, 144, 0, 1, 0, 
55, 21, 0, 3, 0, 
56, 33, 1, 1, 0.333333, 
57, 60, 0, 3, 0, 
59, 0, nan, 0, 0, 
60, 170, 24, 96, 0.0758683, 
61, 59, 26, 54, 0.448528, 
62, 314, 0, 1, 0, 
63, 646, 17, 63, 0.0235417, 
64, 4, 0, 14, 0, 
65, 51, 0, 11, 0, 
66, 10, 0, 5, 0, 
71, 9, 0, 2, 0, 
72, 385, 3, 61, 0.000989068, 
73, 10298, 3920, 22029, 0.0785057, 
74, 1314, nan, 0, 0, 
75, 0, nan, 0, 0, 
76, 809, 0, 13, 0, 
77, 1558, 8, 77, 0.0140092, 
79, 23, 0, 4, 0, 
82, 0, nan, 0, 0, 
83, 1650, 16, 301, 0.00190201, 
84, 93, 2, 7, 0.0272109, 
86, 210, 14, 117, 0.0312853, 
89, 155, 3, 136, 0.00553406, 
91, 90, 2, 166, 0.000651254, 
93, 0, nan, 0, 0, 
94, 198, 0, 3, 0, 
