map 0.066329
map_score 0.070188
mar_score 0.257939
map_small_score 0.010843
map/small 0.032396
map/medium 0.093318
map/large 0.069805
map/common 0.065063
map/rare 0.071792
11 0.038462
12 0.146813
13 0.618043
15 0.333333
17 0.000276
18 0.037835
19 0.075570
20 0.000414
21 0.000497
23 0.003497
24 0.002477
25 0.031315
26 0.000000
27 0.007513
28 0.023347
29 0.021987
32 0.002033
33 0.000000
34 0.184677
35 0.095436
36 0.003838
37 0.000000
38 0.001687
40 0.046610
41 0.074466
42 0.148026
44 0.005926
45 0.000918
47 0.020173
49 0.009436
50 0.500782
51 0.073619
52 0.166667
53 0.021414
54 0.000000
55 0.000000
56 0.142857
57 0.000000
59 0.002139
60 0.092663
61 0.460269
62 0.000000
63 0.084477
64 0.168874
65 0.007190
66 0.031429
71 0.000000
72 0.012556
73 0.226432
74 0.000000
75 0.000000
76 0.003691
77 0.015284
79 0.000000
82 0.000000
83 0.031840
84 0.060119
86 0.057658
89 0.014853
91 0.002973
93 0.000000
94 0.000000
f1 0.110349
11, 29, 1, 1, 0.0384615, 
12, 147, 5, 6, 0.146813, 
13, 70, 37, 55, 0.618043, 
15, 14, 1, 3, 0.333333, 
17, 10200, 28, 322, 0.000275543, 
18, 3234, 1429, 16931, 0.037835, 
19, 1028, 131, 519, 0.0755702, 
20, 3785, 11, 81, 0.000414032, 
21, 628, 7, 323, 0.000497141, 
23, 3, 1, 143, 0.0034965, 
24, 448, 22, 577, 0.00247721, 
25, 866, 55, 200, 0.0313151, 
26, 249, 0, 26, 0, 
27, 1384, 55, 409, 0.00751254, 
28, 605, 27, 89, 0.0233466, 
29, 212, 2, 7, 0.0219867, 
32, 63, 1, 12, 0.00203252, 
33, 212, 0, 2, 0, 
34, 782, 138, 350, 0.184677, 
35, 2540, 82, 253, 0.0954356, 
36, 169, 2, 11, 0.00383838, 
37, 708, nan, 0, 0, 
38, 663, 3, 24, 0.00168688, 
40, 10, 3, 59, 0.0466102, 
41, 383, 83, 309, 0.0744655, 
42, 411, 54, 103, 0.148026, 
44, 133, 2, 9, 0.00592593, 
45, 137, 1, 9, 0.000918274, 
47, 184, 13, 72, 0.0201728, 
49, 184, 3, 12, 0.00943647, 
50, 260, 41, 51, 0.500782, 
51, 109, 8, 29, 0.0736192, 
52, 112, 1, 6, 0.166667, 
53, 354, 3, 25, 0.0214141, 
54, 9, 0, 8, 0, 
55, 45, 0, 19, 0, 
56, 37, 1, 1, 0.142857, 
57, 51, 0, 3, 0, 
59, 135, 2, 22, 0.00213904, 
60, 475, 44, 114, 0.0926631, 
61, 238, 40, 54, 0.460269, 
62, 98, 0, 1, 0, 
63, 991, 32, 61, 0.0844768, 
64, 515, 47, 101, 0.168874, 
65, 213, 5, 22, 0.00719023, 
66, 73, 3, 14, 0.0314286, 
71, 266, 0, 41, 0, 
72, 2156, 20, 67, 0.0125558, 
73, 28134, 11314, 21985, 0.226432, 
74, 2384, nan, 0, 0, 
75, 0, nan, 0, 0, 
76, 3016, 4, 13, 0.00369112, 
77, 2626, 24, 78, 0.0152842, 
79, 33, 0, 196, 0, 
82, 0, nan, 0, 0, 
83, 273, 13, 248, 0.0318402, 
84, 167, 3, 4, 0.060119, 
86, 1277, 21, 84, 0.0576577, 
89, 653, 15, 149, 0.0148527, 
91, 2798, 34, 186, 0.00297322, 
93, 52, 0, 36, 0, 
94, 294, 0, 3, 0, 
