map 0.038916
map_score 0.048233
mar_score 0.172702
map_small_score 0.009571
map/small 0.027025
map/medium 0.054287
map/large 0.030967
map/common 0.043505
map/rare 0.037133
11 0.000000
12 0.168635
13 0.400649
15 0.000000
17 0.000000
18 0.038919
19 0.064433
20 0.001647
21 0.003347
23 0.006361
24 0.006425
25 0.038847
26 0.000000
27 0.016094
28 0.014076
29 0.198864
32 0.002315
33 0.000000
34 0.027015
35 0.071270
36 0.000000
37 0.000000
38 0.006944
40 0.000000
41 0.161370
42 0.111925
44 0.000000
45 0.000000
47 0.002511
49 0.000000
50 0.354435
51 0.009259
52 0.000000
53 0.000000
54 0.000000
55 0.000000
56 0.000000
57 0.000000
59 0.000000
60 0.068579
61 0.239514
62 0.000000
63 0.009722
64 0.063838
65 0.000543
66 0.055556
71 0.000000
72 0.002530
73 0.173421
74 0.000000
75 0.000000
76 0.008661
77 0.017774
79 0.000000
82 0.000000
83 0.003577
84 0.002604
86 0.058041
89 0.002283
91 0.000246
93 0.000000
94 0.000543
f1 0.075406
11, 61, 0, 1, 0, 
12, 268, 5, 8, 0.168635, 
13, 169, 32, 55, 0.400649, 
15, 70, 0, 3, 0, 
17, 40, 0, 58, 0, 
18, 49849, 5752, 17068, 0.0389192, 
19, 2028, 195, 523, 0.064433, 
20, 31870, 41, 82, 0.00164695, 
21, 5523, 56, 330, 0.00334725, 
23, 36, 8, 525, 0.00636091, 
24, 674, 45, 595, 0.0064253, 
25, 753, 57, 198, 0.0388469, 
26, 4, nan, 0, 0, 
27, 1049, 60, 408, 0.0160945, 
28, 213, 9, 80, 0.0140759, 
29, 338, 3, 11, 0.198864, 
32, 60, 1, 12, 0.00231481, 
33, 70, 0, 2, 0, 
34, 700, 67, 350, 0.0270152, 
35, 203, 47, 253, 0.0712698, 
36, 26, 0, 7, 0, 
37, 10, nan, 0, 0, 
38, 294, 2, 24, 0.00694444, 
40, 245, 0, 9, 0, 
41, 556, 154, 322, 0.16137, 
42, 520, 40, 103, 0.111925, 
44, 104, 0, 10, 0, 
45, 52, 0, 9, 0, 
47, 53, 3, 77, 0.00251082, 
49, 31, 0, 11, 0, 
50, 433, 38, 51, 0.354435, 
51, 28, 1, 27, 0.00925926, 
52, 1, 0, 2, 0, 
53, 545, 0, 24, 0, 
54, 2, 0, 7, 0, 
55, 2, 0, 3, 0, 
56, 22, 0, 1, 0, 
57, 20, 0, 3, 0, 
59, 5, 0, 5, 0, 
60, 383, 28, 102, 0.0685795, 
61, 214, 32, 53, 0.239514, 
62, 7, nan, 0, 0, 
63, 139, 7, 40, 0.00972222, 
64, 57, 10, 64, 0.0638384, 
65, 339, 2, 22, 0.000542741, 
66, 23, 1, 9, 0.0555556, 
71, 1277, 0, 45, 0, 
72, 2558, 12, 67, 0.0025295, 
73, 33220, 10161, 22079, 0.173421, 
74, 1796, nan, 0, 0, 
75, 0, nan, 0, 0, 
76, 3962, 4, 13, 0.0086608, 
77, 5049, 23, 78, 0.0177742, 
79, 27, 0, 17, 0, 
82, 0, nan, 0, 0, 
83, 3492, 23, 306, 0.0035773, 
84, 604, 2, 7, 0.00260414, 
86, 2019, 37, 119, 0.0580407, 
89, 903, 12, 147, 0.00228295, 
91, 616, 5, 170, 0.000246495, 
93, 1, nan, 0, 0, 
94, 1817, 1, 3, 0.000542888, 
